"","farm_area_ha","cropland","cattle","pop","temperature","rainfall","market"
"farm_area_ha",1,-0.039,-0.008,-0.008,-0.006,0.014,-0.006
"cropland",-0.039,1,0.167,-0.004,-0.061,0.109,0.108
"cattle",-0.008,0.167,1,0.017,-0.1,-0.074,-0.107
"pop",-0.008,-0.004,0.017,1,0.179,0.144,-0.021
"temperature",-0.006,-0.061,-0.1,0.179,1,0.001,-0.009
"rainfall",0.014,0.109,-0.074,0.144,0.001,1,-0.032
"market",-0.006,0.108,-0.107,-0.021,-0.009,-0.032,1
